Episode: 1: [ 0.22907063  0.14114085 -0.01501741] 
Episode: 2: [ 0.22946839  0.14153996 -0.01541678] 
Episode: 3: [ 0.22918184  0.1416437  -0.01515806] 
