Episode: 1: [[0.33333334 0.33333334 0.33333334]] 
Episode: 2: [[0.33343333 0.33323336 0.33323336]] 
Episode: 3: [[0.33353058 0.33324677 0.3331419 ]] 
