Episode: 1: [-0.49844134 -0.4632845  -0.16561332  0.48358488 -0.4869262  -0.01707059
  0.          0.          0.        ] 
Episode: 2: [nan nan nan nan nan nan nan nan nan] 
