Episode: 1: [ 0.21727908  0.30702436 -0.5474038  -0.4607224   0.5702833   0.43247592
  0.          0.          0.        ] 
Episode: 2: [nan nan nan nan nan nan nan nan nan] 
