Episode: 1: [[0.33333334 0.33333334 0.33333334]] 
Episode: 2: [[0.3332747  0.33328012 0.33340523]] 
