Episode: 1: [0.5        0.92928934 0.99      ] 
Episode: 2: [0.5        0.92928934 0.99      ] 
