Episode: 1: [[0.33333334 0.33333334 0.33333334]] 
Episode: 2: [[0.33303335 0.33303335 0.33363333]] 
