Episode: 1: [[0.5 0.5]] 
Episode: 2: [[0.5005 0.5005]] 
Episode: 3: [[0.5009997  0.50096405]] 
Episode: 4: [[0.50143033 0.50143635]] 
