Episode: 1: [1.         0.6239397  0.8585786  0.94681704 0.98      ] 
Episode: 2: [1.         0.6239397  0.8585786  0.94681704 0.98      ] 
