Episode: 1: [1.         0.3760603  0.14142136 0.05318296 0.02      ] 
Episode: 2: [1.         0.3760603  0.14142136 0.05318296 0.02      ] 
