Episode: 1: 500.0 
Episode: 2: 499.99969482421875 
Episode: 3: 499.9993896484375 
Episode: 4: 499.9991760253906 
