Episode: 1: 2.0 
Episode: 2: 1.9996999502182007 
Episode: 3: 1.9994062185287476 
Episode: 4: 1.9992059469223022 
