Episode: 1: [[0.33333334 0.33333334 0.33333334]] 
Episode: 2: [[0.33363333 0.33303335 0.33303335]] 
Episode: 3: [[0.33392832 0.3327384  0.33273834]] 
Episode: 4: [[0.3341302  0.33253655 0.33253643]] 
