Episode: 1: [[0.2 0.2 0.2 0.2 0.2]] 
Episode: 2: [[0.1999     0.1999     0.1999     0.20009999 0.2001    ]] 
Episode: 3: [[0.19979987 0.19979987 0.19979988 0.2001959  0.20020013]] 
