Episode: 1: [0.5       0.8418861 0.95      0.9841886 0.995    ] 
Episode: 2: [0.5       0.8418861 0.95      0.9841886 0.995    ] 
Episode: 3: [0.5       0.8418861 0.95      0.9841886 0.995    ] 
