Episode: 1: [[0.]] 
Episode: 2: [[0.0005]] 
Episode: 3: [[0.00088495]] 
Episode: 4: [[0.00059455]] 
