Episode: 1: [[1.]] 
Episode: 2: [[1.0005]] 
Episode: 3: [[1.000969]] 
Episode: 4: [[1.000682]] 
