Episode: 1: [[0.2 0.2 0.2 0.2 0.2]] 
Episode: 2: [[0.19997 0.20003 0.20003 0.20003 0.20003]] 
