Episode: 1: [0.5        0.8742567  0.96837723 0.9920473  0.998     ] 
Episode: 2: [0.5        0.8742567  0.96837723 0.9920473  0.998     ] 
