Episode: 1: [[0.33333334 0.33333334 0.33333334]] 
Episode: 2: [[0.33343333 0.33323336 0.33323336]] 
Episode: 3: [[0.33353287 0.33313385 0.3331338 ]] 
Episode: 4: [[0.33363253 0.33303428 0.33303404]] 
