Episode: 1: [0.5        0.96837723 0.998     ] 
Episode: 2: [0.5        0.96837723 0.998     ] 
Episode: 3: [0.5        0.96837723 0.998     ] 
Episode: 4: [0.5        0.96837723 0.998     ] 
