Episode: 1: [[0.33333334 0.33333334 0.33333334]] 
Episode: 2: [[0.33327597 0.3333954  0.33331087]] 
Episode: 3: [[0.3333504  0.33332098 0.33323646]] 
