Episode: 1: [[0.33333334 0.33333334 0.33333334]] 
Episode: 2: [[0.33373335 0.33293334 0.33293334]] 
Episode: 3: [[0.33343574 0.3326356  0.33323067]] 
