Episode: 1: [ 0.22907063  0.14114085 -0.01501741] 
Episode: 2: [ 0.2294682   0.14153937 -0.01541648] 
