Episode: 1: [[0.33333334 0.33333334 0.33333334]] 
Episode: 2: [[0.33363333 0.33303335 0.33303335]] 
Episode: 3: [[0.33393303 0.33273393 0.33273345]] 
Episode: 4: [[0.3342309  0.33243692 0.33243492]] 
