Episode: 1: [[0.33333334 0.33333334 0.33333334]] 
Episode: 2: [[0.33363333 0.33303335 0.33303335]] 
Episode: 3: [[0.33392364 0.33274433 0.33274207]] 
Episode: 4: [[0.33417585 0.3324943  0.3324882 ]] 
