Episode: 1: [[0.33333334 0.33333334 0.33333334]] 
Episode: 2: [[0.33363333 0.33303335 0.33303335]] 
Episode: 3: [[0.33392724 0.33273926 0.3327396 ]] 
Episode: 4: [[0.33421203 0.33245373 0.33245546]] 
