Episode: 1: [[0.33333334 0.33333334 0.33333334]] 
Episode: 2: [[0.33303335 0.33363333 0.33363333]] 
Episode: 3: [[0.3328384  0.33382675 0.33382955]] 
Episode: 4: [[0.33296338 0.33367863 0.33374774]] 
