Episode: 1: [[0.33333334 0.33333334 0.33333334]] 
Episode: 2: [[0.33363333 0.33303335 0.33303335]] 
Episode: 3: [[0.3339242  0.33274236 0.3327426 ]] 
Episode: 4: [[0.33421764 0.3324482  0.3324498 ]] 
