Episode: 1: [1.        0.8585786 0.98     ] 
Episode: 2: [1.        0.8585786 0.98     ] 
