Episode: 1: [[0.]] 
Episode: 2: [[0.0918707]] 
Episode: 3: [[-4.9910054e+16]] 
