Episode: 1: [-0.49844134 -0.4632845  -0.16561332  1.          1.          1.
 -0.11603314  0.4157139  -0.13868609] 
Episode: 2: [nan nan nan nan nan nan nan nan nan] 
