Episode: 1: [[0.33333334 0.33333334 0.33333334]] 
Episode: 2: [[nan nan nan]] 
