Episode: 1: [[0.33333334 0.33333334 0.33333334]] 
Episode: 2: [[0.33343333 0.33323336 0.33323336]] 
Episode: 3: [[0.33350033 0.33316633 0.33316636]] 
Episode: 4: [[0.33355212 0.3331145  0.33311456]] 
